	StromalScore	ImmuneScore	ESTIMATEScore
TCGA-44-8120-01A	683.480055218334	1165.07288398774	1848.55293920607
TCGA-99-8025-01A	268.187625085104	745.21118203668	1013.39880712178
TCGA-50-6594-01A	3.58233359952739	947.494046831168	951.076380430695
TCGA-78-7161-01A	-166.582615010864	47.6951012492152	-118.887513761649
TCGA-55-7903-01A	-313.084757338568	1476.23947247239	1163.15471513382
TCGA-38-4632-01A	456.846831128225	2001.66904099645	2458.51587212467
TCGA-64-1677-01A	-482.367222652243	1477.33494136749	994.967718715252
TCGA-86-A456-01A	459.596527921813	1791.07928072095	2250.67580864276
TCGA-44-A47A-01A	76.8404053524881	1889.54124323421	1966.3816485867
TCGA-91-6828-01A	746.716343473684	2089.40550912199	2836.12185259567
TCGA-MP-A4TA-01A	-128.593408964229	1245.36287966742	1116.76947070319
TCGA-55-7726-01A	1207.20363285314	1133.7341510543	2340.93778390744
TCGA-86-8359-01A	5.01037105238378	1713.6104259734	1718.62079702578
TCGA-55-5899-01A	503.909416943734	1219.80322984566	1723.71264678939
TCGA-62-8397-01A	66.1513996117549	1408.14227864143	1474.29367825319
TCGA-99-8032-01A	711.733237369413	1001.49285115942	1713.22608852883
TCGA-MP-A4TC-01A	1134.50543954357	1740.70764506753	2875.2130846111
TCGA-75-5126-01A	898.499841079674	2509.38763295208	3407.88747403176
TCGA-95-A4VP-01A	408.056160314571	1681.20450303194	2089.26066334651
TCGA-50-6673-01A	520.99234413652	1142.00418751479	1662.99653165131
TCGA-86-7701-01A	784.822789554769	2108.05322476711	2892.87601432188
TCGA-L9-A50W-01A	-137.806660214736	1266.12062236125	1128.31396214652
TCGA-75-6203-01A	995.33131890398	2581.57299358631	3576.90431249029
TCGA-95-7948-01A	-265.93953159534	683.459933783967	417.520402188628
TCGA-78-7158-01A	-487.104432206287	591.42000420645	104.315572000163
TCGA-49-4507-01A	-38.835664401413	1979.497649098	1940.66198469659
TCGA-05-4398-01A	648.723565318841	1970.88716592627	2619.61073124511
TCGA-86-7953-01A	305.296781286443	1863.68311386208	2168.97989514853
TCGA-86-A4D0-01A	-903.322497307656	423.699243031637	-479.623254276019
TCGA-NJ-A4YQ-01A	205.560574840768	2498.76800280971	2704.32857765048
TCGA-75-7027-01A	540.261529359347	550.31328382334	1090.57481318269
TCGA-53-7624-01A	-725.826898458085	694.190657692227	-31.6362407658579
TCGA-L9-A7SV-01A	-781.191482885124	268.72777798649	-512.463704898634
TCGA-50-8460-01A	458.735862518575	2007.72143519505	2466.45729771363
TCGA-L9-A444-01A	807.944883482935	2709.91529084132	3517.86017432425
TCGA-05-4249-01A	351.07051236883	1540.89606878754	1891.96658115637
TCGA-55-6979-01A	1208.23403771995	2769.16789410159	3977.40193182154
TCGA-75-7025-01A	637.888582735299	1808.33740776802	2446.22599050332
TCGA-62-8395-01A	545.415980110503	794.567056479832	1339.98303659034
TCGA-05-4425-01A	723.569452210678	2063.96786138702	2787.53731359769
TCGA-62-8394-01A	-131.286074440557	1027.02529291432	895.73921847376
TCGA-49-6767-01A	-101.535452578387	1634.58318297078	1533.0477303924
TCGA-55-8204-01A	198.350634332974	1411.03420748931	1609.38484182228
TCGA-MN-A4N1-01A	-426.867429920745	311.008073055802	-115.859356864943
TCGA-35-4123-01A	951.743757056788	2468.35629477045	3420.10005182724
TCGA-55-1594-01A	-273.685848317699	1036.37082475731	762.684976439614
TCGA-MP-A4SV-01A	246.64600397048	1748.94635075976	1995.59235473024
TCGA-75-6214-01A	-824.140494141973	393.483197941124	-430.657296200849
TCGA-44-6777-01A	2075.44774839849	2625.65381693876	4701.10156533725
TCGA-73-4662-01A	340.371881031377	1896.40744500024	2236.77932603161
TCGA-78-7149-01A	58.4170344575491	459.452157578993	517.869192036542
TCGA-05-4426-01A	-184.122112567476	1281.37323638675	1097.25112381927
TCGA-44-6775-01A	1576.89560648816	1930.94118647114	3507.8367929593
TCGA-86-6851-01A	487.922274593875	2733.34204612596	3221.26432071983
TCGA-O1-A52J-01A	-14.6727399318912	1781.48818693893	1766.81544700704
TCGA-78-7540-01A	-539.719584872239	995.683082577516	455.963497705277
TCGA-86-8056-01A	215.70364359283	1406.73312545685	1622.43676904968
TCGA-05-4422-01A	-369.541230902913	2002.197026148	1632.65579524509
TCGA-55-6978-01A	1603.36400833266	2570.84223636185	4174.20624469451
TCGA-55-7816-01A	1695.02279866599	2164.14464259897	3859.16744126496
TCGA-49-AARO-01A	865.531899204413	2283.91331927554	3149.44521847995
TCGA-55-6983-01A	659.925128899223	1911.75215606403	2571.67728496325
TCGA-86-7714-01A	226.198868927026	1342.10129481387	1568.30016374089
TCGA-86-8074-01A	890.408685130974	1466.36147501055	2356.77016014153
TCGA-78-7143-01A	-528.88240324391	1335.3025221278	806.420118883893
TCGA-55-8620-01A	-745.87188108273	1118.18231456532	372.310433482594
TCGA-75-6207-01A	-349.277397447891	790.610371107371	441.332973659479
TCGA-55-8092-01A	420.345148328912	2072.66504656765	2493.01019489656
TCGA-50-5068-01A	853.14939333156	2470.40838391029	3323.55777724185
TCGA-86-8281-01A	-49.7833489852117	768.161536934565	718.378187949354
TCGA-78-7159-01A	200.432611138249	801.106534884898	1001.53914602315
TCGA-MP-A4T6-01A	-860.087704371905	1428.54409932627	568.456394954364
TCGA-55-8085-01A	73.8245424788131	1913.97648866161	1987.80103114043
TCGA-55-7227-01A	976.357724344937	2054.88970920155	3031.24743354649
TCGA-97-A4M5-01A	760.830848690141	1763.93896722811	2524.76981591825
TCGA-49-4486-01A	-1128.53654390121	256.367072537182	-872.169471364025
TCGA-55-8514-01A	-184.489918793465	1157.89216979791	973.402251004446
TCGA-55-8094-01A	-1629.79217338305	-486.727242603217	-2116.51941598627
TCGA-44-4112-01A	857.081845000105	1242.28090194444	2099.36274694455
TCGA-44-3918-01A	1463.1642286192	2187.27433740202	3650.43856602122
TCGA-49-4490-01A	366.258520823217	1047.55997080653	1413.81849162974
TCGA-95-8494-01A	-222.518806812347	1392.2444040774	1169.72559726505
TCGA-MP-A4T9-01A	617.350046495595	1677.71162793913	2295.06167443473
TCGA-69-7760-01A	-420.865964798755	90.1715428662499	-330.694421932505
TCGA-55-7573-01A	421.397930202276	1844.65175071122	2266.0496809135
TCGA-44-6147-01A	813.937861764599	1302.29624655893	2116.23410832353
TCGA-MP-A4SY-01A	736.547914036468	996.695141741054	1733.24305577752
TCGA-MP-A4TJ-01A	1104.37898279992	2939.59704785285	4043.97603065278
TCGA-55-6970-01A	242.300592502197	1730.49299299829	1972.79358550048
TCGA-49-AARQ-01A	-804.735243131632	1279.95355923241	475.218316100778
TCGA-44-A47B-01A	-17.2783082865882	1366.35035253822	1349.07204425163
TCGA-05-4384-01A	267.832952726268	1355.15780493921	1622.99075766548
TCGA-44-7660-01A	-516.833904899705	830.123038066475	313.28913316677
TCGA-99-7458-01A	1008.2115404722	2128.8579841485	3137.06952462069
TCGA-75-6205-01A	1467.45298446741	2884.97813086872	4352.43111533613
TCGA-50-5045-01A	1616.71747707187	2677.46711305924	4294.18459013111
TCGA-69-7979-01A	58.9361237928749	385.544424935395	444.48054872827
TCGA-49-AARR-01A	701.749672181015	1944.41353694085	2646.16320912187
TCGA-L9-A743-01A	876.95835663299	2472.94164772924	3349.90000436223
TCGA-55-7725-01A	0.59823033448046	2072.5819645015	2073.18019483598
TCGA-86-7711-01A	811.201429359918	1700.9083084089	2512.10973776882
TCGA-49-6743-01A	633.017436881086	1286.11160744618	1919.12904432727
TCGA-44-7662-01A	1362.30299734054	1640.50688773725	3002.8098850778
TCGA-69-8255-01A	-674.531478026571	1917.26866205536	1242.73718402879
TCGA-62-A46Y-01A	13.6013318060522	2029.86511590861	2043.46644771466
TCGA-35-5375-01A	204.473547980992	1585.06765586663	1789.54120384762
TCGA-97-A4M3-01A	195.004009971539	478.072399147418	673.076409118957
TCGA-NJ-A4YF-01A	-546.159067493094	470.578076555906	-75.5809909371884
TCGA-91-6830-01A	953.28346190917	1743.79601343712	2697.07947534629
TCGA-49-AAR3-01A	864.908554229012	2480.10456932555	3345.01312355456
TCGA-78-7163-01A	-1555.93819477552	300.967031326806	-1254.97116344871
TCGA-05-5429-01A	-70.881384830126	635.228987872733	564.347603042607
TCGA-80-5607-01A	43.799056628542	1766.72573371127	1810.52479033981
TCGA-78-7145-01A	303.701357933707	977.887553829561	1281.58891176327
TCGA-86-A4P8-01A	1180.1649663175	2936.96457501251	4117.12954133001
TCGA-55-7994-01A	-148.381161570305	2204.66352641871	2056.28236484841
TCGA-69-A59K-01A	-93.5302531913751	1377.86001041087	1284.32975721949
TCGA-49-AAR4-01A	236.267409664269	2384.11299317286	2620.38040283713
TCGA-91-8499-01A	-157.715633706833	1168.17270396549	1010.45707025866
TCGA-91-8497-01A	718.877004942245	2141.17253632031	2860.04954126256
TCGA-44-6778-01A	912.844002065654	2899.90403220748	3812.74803427313
TCGA-67-3772-01A	1091.14098028457	1730.24218498511	2821.38316526968
TCGA-55-8090-01A	243.478500553745	1317.52704359577	1561.00554414951
TCGA-78-7537-01A	240.679755071687	840.421975043396	1081.10173011508
TCGA-91-8496-01A	357.719005570889	2176.03486701625	2533.75387258714
TCGA-55-7281-01A	903.598741544705	2092.61461719714	2996.21335874184
TCGA-05-4424-01A	786.091082784597	1676.06631958129	2462.15740236589
TCGA-75-7031-01A	-295.546403552656	1493.9864148524	1198.44001129974
TCGA-05-4397-01A	-382.829348295768	1013.72453895317	630.895190657399
TCGA-55-7914-01A	119.687358179527	1349.8158190156	1469.50317719512
TCGA-50-5942-01A	264.276814323083	1073.02571051097	1337.30252483406
TCGA-05-4395-01A	-293.783355658451	1347.08623771605	1053.3028820576
TCGA-55-8208-01A	1421.16950496481	2872.32985584446	4293.49936080927
TCGA-93-A4JQ-01A	1088.78181614398	2328.11493282989	3416.89674897387
TCGA-50-6597-01A	-97.740354127456	1697.9647708765	1600.22441674904
TCGA-50-6590-01A	600.610897374667	2247.29813559384	2847.9090329685
TCGA-62-A46P-01A	-301.211179841296	608.633972166154	307.422792324857
TCGA-97-8179-01A	154.363188808783	806.625541802415	960.988730611198
TCGA-55-8615-01A	-495.422682812629	317.133447035827	-178.289235776801
TCGA-71-6725-01A	-637.513516981723	615.999158308734	-21.5143586729898
TCGA-73-4666-01A	224.268418291026	2284.71735750957	2508.9857758006
TCGA-49-6761-01A	119.040219913417	1681.0695700545	1800.10978996792
TCGA-62-8399-01A	217.336025879076	769.926213056292	987.262238935368
TCGA-78-8648-01A	2077.45879120166	2870.88769519668	4948.34648639834
TCGA-97-7547-01A	328.795949583083	1179.98049566367	1508.77644524675
TCGA-44-6145-01A	954.411084651797	2365.50644800575	3319.91753265754
TCGA-80-5608-01A	-501.311701152049	961.689135681639	460.37743452959
TCGA-78-7535-01A	88.1880923380056	1672.26865520404	1760.45674754204
TCGA-86-8358-01A	-341.433225338011	489.456535028994	148.023309690983
TCGA-44-3919-01A	720.599033709086	2166.12456141042	2886.72359511951
TCGA-86-7955-01A	-1552.46098281908	-444.612315886207	-1997.07329870529
TCGA-67-6217-01A	332.503339664975	1837.64556923437	2170.14890889934
TCGA-78-8662-01A	-662.706333112498	51.4944638241745	-611.211869288323
TCGA-97-8176-01A	-116.894788656563	1120.12620565872	1003.23141700216
TCGA-78-8640-01A	-563.556719520368	1191.31278273456	627.75606321419
TCGA-49-6744-01A	1328.81297113053	2414.40499182791	3743.21796295844
TCGA-55-8512-01A	-283.068440179008	884.104325235751	601.035885056742
TCGA-49-6742-01A	-666.835215685015	342.00474888181	-324.830466803205
TCGA-50-5935-01A	317.634294810932	1539.80971955551	1857.44401436644
TCGA-38-4629-01A	1168.81044471326	2280.24053007693	3449.05097479019
TCGA-55-8089-01A	765.95527646185	2880.05862242533	3646.01389888718
TCGA-MP-A4SW-01A	230.346481579882	1839.48097303028	2069.82745461016
TCGA-78-7162-01A	537.955481856651	1661.17472267904	2199.13020453569
TCGA-55-A48Z-01A	789.370101139884	1426.27044620017	2215.64054734005
TCGA-50-5931-01A	-352.136849029892	-157.15594126538	-509.292790295271
TCGA-55-7911-01A	63.5387312924209	2168.63894635976	2232.17767765218
TCGA-73-4676-01A	112.969217444244	1071.58385929277	1184.55307673701
TCGA-55-1596-01A	-411.149301976904	780.592796243785	369.443494266882
TCGA-44-8119-01A	1099.17406019012	1352.55573062121	2451.72979081133
TCGA-69-7764-01A	-117.295463404016	910.183345856078	792.887882452062
TCGA-97-7546-01A	928.979114722631	1811.01902029814	2739.99813502077
TCGA-38-A44F-01A	760.525898552288	2411.71020852337	3172.23610707566
TCGA-L4-A4E6-01A	1185.08687020642	2714.78279943893	3899.86966964535
TCGA-73-A9RS-01A	-812.682148889023	496.491616839848	-316.190532049175
TCGA-44-5643-01A	-890.385580829208	1109.22464456727	218.839063738066
TCGA-55-A4DF-01A	-214.098919363947	1817.45229039994	1603.35337103599
TCGA-50-5930-01A	731.989822106938	1743.32504607417	2475.31486818111
TCGA-97-7553-01A	1061.94990084184	2808.3525380639	3870.30243890574
TCGA-55-6980-01A	983.030874149244	2078.62809999943	3061.65897414868
TCGA-MP-A4TD-01A	950.110886732514	1412.70937752379	2362.8202642563
TCGA-95-7567-01A	343.610439119625	1319.37732388673	1662.98776300635
TCGA-95-A4VN-01A	439.679711682678	2261.50385662599	2701.18356830867
TCGA-44-3396-01A	1361.74256118648	2338.2198102224	3699.96237140888
TCGA-05-5428-01A	470.402295121565	1323.50545073838	1793.90774585995
TCGA-05-4430-01A	1330.40142973579	1854.7017939376	3185.10322367339
TCGA-44-2656-01A	1000.36018804311	2618.44549044325	3618.80567848636
TCGA-S2-AA1A-01A	951.151247408802	2457.44066939861	3408.59191680742
TCGA-55-6642-01A	1488.48387916686	1614.67822201876	3103.16210118562
TCGA-69-7974-01A	705.900309579502	2083.4127755606	2789.3130851401
TCGA-55-A4DG-01A	-245.751175929212	1440.24757571878	1194.49639978957
TCGA-50-5939-01A	727.624546195922	1829.7044188031	2557.32896499902
TCGA-55-A48Y-01A	774.285456090673	1072.91844271134	1847.20389880201
TCGA-MN-A4N5-01A	-355.961338877462	1519.69094701031	1163.72960813285
TCGA-64-1680-01A	-510.164618614395	796.467644441184	286.303025826789
TCGA-95-7562-01A	199.50117696911	1276.94274179036	1476.44391875947
TCGA-69-7763-01A	896.962274472057	1157.64404921223	2054.60632368428
TCGA-55-8511-01A	815.224831465405	1922.25720112598	2737.48203259139
TCGA-50-5944-01A	929.822037514385	1061.58877417522	1991.4108116896
TCGA-44-5644-01A	-963.216201061113	-56.281268305705	-1019.49746936682
TCGA-50-5072-01A	174.69714685794	727.547804008153	902.244950866093
TCGA-75-5146-01A	193.699575213604	1616.91397049291	1810.61354570651
TCGA-38-4626-01A	1263.53053403537	2301.1745506472	3564.70508468258
TCGA-83-5908-01A	490.012724808777	2382.58019301923	2872.592917828
TCGA-75-6212-01A	385.618428470921	2009.30265017626	2394.92107864718
TCGA-44-6774-01A	2015.81811161816	1549.7379789818	3565.55609059995
TCGA-55-7724-01A	914.154375808156	2020.64901713439	2934.80339294255
TCGA-NJ-A4YI-01A	301.354331496331	1358.05344505816	1659.40777655449
TCGA-55-8299-01A	1480.49878341162	2544.44778232506	4024.94656573667
TCGA-J2-8192-01A	1684.5300075457	2060.20166085793	3744.73166840363
TCGA-55-8506-01A	205.749670956941	1322.90591866858	1528.65558962552
TCGA-86-8585-01A	154.052815844834	2181.84941177252	2335.90222761735
TCGA-44-7672-01A	1259.72126821334	2519.47310177794	3779.19436999128
TCGA-64-5781-01A	413.473909737804	1825.20743733216	2238.68134706996
TCGA-NJ-A4YP-01A	961.960991420934	1263.66082967627	2225.62182109721
TCGA-73-4677-01A	-78.3403521551714	1201.26242627525	1122.92207412008
TCGA-62-8402-01A	-495.185038761772	1896.09967072167	1400.91463195989
TCGA-35-4122-01A	1020.05324714802	2523.49713418353	3543.55038133155
TCGA-69-8253-01A	-352.307064574192	964.541532304066	612.234467729874
TCGA-50-5066-01A	1184.73981603232	2492.44691376863	3677.18672980095
TCGA-49-4501-01A	693.478059841134	1755.61241447859	2449.09047431972
TCGA-86-7954-01A	621.60849496118	2231.25804977425	2852.86654473543
TCGA-44-2655-01A	19.1786443065642	1471.46635363674	1490.6449979433
TCGA-50-6592-01A	552.731432445912	1952.56604641575	2505.29747886166
TCGA-91-6836-01A	-702.453665194771	604.425206989121	-98.02845820565
TCGA-44-6146-01A	-803.195002985971	93.4699679831109	-709.72503500286
TCGA-05-4244-01A	-151.668535637797	1470.81828178024	1319.14974614244
TCGA-75-6211-01A	89.8822475296227	580.829776216632	670.712023746255
TCGA-55-8096-01A	1117.84563127256	1718.98883494133	2836.8344662139
TCGA-97-A4M2-01A	596.605582646539	2557.30865991276	3153.9142425593
TCGA-71-8520-01A	650.797484346934	891.037320104366	1541.8348044513
TCGA-67-3773-01A	764.564473012589	2068.58935849307	2833.15383150566
TCGA-55-A492-01A	-381.147168461404	758.770910986493	377.623742525089
TCGA-91-6848-01A	1182.66435634526	2089.80972468493	3272.47408103019
TCGA-62-8398-01A	31.2551704055999	1325.40487260698	1356.66004301258
TCGA-49-AAR0-01A	166.554340320047	1827.41912714775	1993.97346746779
TCGA-93-A4JP-01A	634.436659936168	1679.59500486749	2314.03166480366
TCGA-78-7633-01A	-309.080404182659	181.296875857469	-127.78352832519
TCGA-93-A4JO-01A	602.974162989161	2416.86396140898	3019.83812439814
TCGA-55-7576-01A	485.078421012513	1413.38700401792	1898.46542503043
TCGA-97-7552-01A	630.951094046854	2764.48787936616	3395.43897341301
TCGA-91-6829-01A	1283.18056298693	855.616404796086	2138.79696778302
TCGA-73-4670-01A	271.259974729006	751.959587088	1023.21956181701
TCGA-64-5779-01A	513.543517299832	1325.34667171059	1838.89018901042
TCGA-75-5125-01A	524.075859349335	2042.13443807951	2566.21029742884
TCGA-38-4631-01A	-393.792614791513	952.125313171464	558.332698379951
TCGA-L9-A5IP-01A	-465.561040526009	1044.46949189311	578.908451367099
TCGA-J2-8194-01A	430.862901025914	1217.78414219928	1648.6470432252
TCGA-97-8177-01A	1194.46817890195	2139.47415080674	3333.94232970869
TCGA-J2-A4AD-01A	-192.273106334397	207.631736514871	15.3586301804739
TCGA-38-4625-01A	205.683003910471	1600.91636719986	1806.59937111033
TCGA-67-3774-01A	343.983905621445	1750.79144221078	2094.77534783223
TCGA-NJ-A7XG-01A	-1429.66178485638	188.247706623248	-1241.41407823313
TCGA-55-6986-01A	-65.4729552932533	1374.80540968756	1309.3324543943
TCGA-55-A57B-01A	522.282702782372	1519.0235939942	2041.30629677657
TCGA-L9-A443-01A	406.746222428687	1133.36560513824	1540.11182756692
TCGA-50-6595-01A	1281.67512226596	1707.11940052199	2988.79452278794
TCGA-44-8117-01A	399.792803320887	870.685241365809	1270.4780446867
TCGA-55-6968-01A	122.872539014764	1660.31131681606	1783.18385583082
TCGA-44-A479-01A	1103.07745074451	2583.80172464935	3686.87917539386
TCGA-69-7761-01A	672.122583318229	2378.85201479299	3050.97459811122
TCGA-MP-A4TF-01A	-964.197085049742	802.6214983609	-161.575586688842
TCGA-78-8660-01A	183.267973817185	2197.78483030012	2381.05280411731
TCGA-05-4427-01A	340.884923238709	1382.30243886204	1723.18736210075
TCGA-NJ-A55O-01A	29.6605427344142	1468.68035396507	1498.34089669948
TCGA-75-5122-01A	845.637453887876	3369.9253467944	4215.56280068227
TCGA-86-8075-01A	1332.5031895426	1407.6808992407	2740.18408878331
TCGA-62-A46U-01A	222.305778568671	2915.36788133849	3137.67365990716
TCGA-05-5420-01A	884.475380834965	2877.03171300763	3761.5070938426
TCGA-97-8174-01A	916.65706105743	1651.54884043928	2568.20590149671
TCGA-49-AARN-01A	-17.7811248613171	1233.57072911703	1215.78960425572
TCGA-91-6849-01A	284.817005957065	1787.15967351329	2071.97667947036
TCGA-86-8669-01A	-98.7538036823181	1373.00114417054	1274.24734048822
TCGA-50-7109-01A	335.385904447621	1366.3085439302	1701.69444837782
TCGA-44-3917-01A	499.719027136976	1388.61262190896	1888.33164904593
TCGA-55-8510-01A	873.876096818866	2325.91312573827	3199.78922255714
TCGA-49-AAQV-01A	-345.922744442094	1497.88899905792	1151.96625461582
TCGA-55-7574-01A	1226.5314176009	2458.25531893474	3684.78673653564
TCGA-50-8459-01A	1875.50501778403	2394.3134274957	4269.81844527973
TCGA-93-A4JN-01A	415.321948619653	1341.68676528126	1757.00871390092
TCGA-49-4512-01A	990.675055233336	1460.50718267484	2451.18223790818
TCGA-55-8097-01A	236.664162123274	1252.66601708256	1489.33017920584
TCGA-55-7727-01A	-101.595431704054	1579.60088784373	1478.00545613968
TCGA-55-8508-01A	152.673608956286	1320.11385772346	1472.78746667975
TCGA-69-7765-01A	1307.1282640501	1666.29142064117	2973.41968469127
TCGA-44-7659-01A	-298.644825355773	1167.42248778644	868.77766243067
TCGA-78-7160-01A	858.383791015505	2108.2574321002	2966.6412231157
TCGA-44-2659-01A	898.064668451668	1863.03330767206	2761.09797612373
TCGA-93-8067-01A	-375.475511342228	674.871472577315	299.395961235087
TCGA-44-A4SU-01A	58.2930477079737	1174.9236461968	1233.21669390477
TCGA-55-A490-01A	458.081735147494	1225.30421282902	1683.38594797651
TCGA-55-7907-01A	493.712990593313	1700.74622939877	2194.45921999208
TCGA-49-4494-01A	-26.0853112175299	1468.27596955767	1442.19065834014
TCGA-75-6206-01A	434.684075647564	1141.21592915979	1575.90000480735
TCGA-86-8671-01A	1571.76994025953	3201.66863138086	4773.43857164039
TCGA-86-8672-01A	682.286030068985	1925.12378273834	2607.40981280733
TCGA-50-5946-01A	-852.686103394574	-43.1462545875887	-895.832357982162
TCGA-64-1681-01A	442.612184254135	1515.85271508241	1958.46489933654
TCGA-86-7713-01A	-826.181682595907	-11.8972413190819	-838.078923914988
TCGA-97-8172-01A	1044.79756942119	2186.60142782234	3231.39899724353
TCGA-50-5055-01A	1477.39084449157	2924.86759268142	4402.25843717299
TCGA-67-6216-01A	-29.9119363134849	1842.68427114005	1812.77233482657
TCGA-55-7283-01A	24.67009800663	1403.74075179224	1428.41084979887
TCGA-95-A4VK-01A	-236.767237838471	1379.64061353662	1142.87337569815
TCGA-55-8091-01A	1203.80806729359	1930.37321007627	3134.18127736986
TCGA-73-4659-01A	678.971156188715	1230.14575491417	1909.11691110288
TCGA-75-5147-01A	478.305758236772	1729.64883087573	2207.9545891125
TCGA-86-8073-01A	582.766359825562	1138.44105383039	1721.20741365596
TCGA-05-4410-01A	185.108209191413	2021.20202714289	2206.31023633431
TCGA-86-8280-01A	918.629547291437	2166.71419058668	3085.34373787812
TCGA-86-6562-01A	978.550817153596	1145.43411853154	2123.98493568514
TCGA-38-4627-01A	2162.94962746865	1968.71229387209	4131.66192134074
TCGA-78-7536-01A	-286.95865712997	1174.47638940598	887.517732276007
TCGA-05-5715-01A	738.401000230968	1408.17781619752	2146.57881642849
TCGA-67-6215-01A	-524.345435235079	1183.30922136038	658.963786125299
TCGA-50-6593-01A	1026.53347808239	1596.8492450119	2623.38272309429
TCGA-69-7973-01A	44.4522540260684	512.335956379865	556.788210405934
TCGA-38-6178-01A	562.719932616066	994.10571828514	1556.82565090121
TCGA-67-3770-01A	249.934386814136	1768.8567172255	2018.79110403964
TCGA-35-3615-01A	-0.0816052230168745	1010.27258204251	1010.19097681949
TCGA-50-5936-01A	456.884113306011	1157.32204547223	1614.20615877824
TCGA-44-7671-01A	326.159894110731	344.769883053724	670.929777164455
TCGA-55-6984-01A	-602.689266103239	973.582505708745	370.893239605506
TCGA-50-5932-01A	-375.243631222759	525.934592705927	150.690961483168
TCGA-44-2657-01A	954.323959229478	2790.86285020364	3745.18680943311
TCGA-97-8175-01A	1.81072864842754	1680.68146906569	1682.49219771412
TCGA-78-7146-01A	-440.656090949017	799.737507810494	359.081416861477
TCGA-44-A4SS-01A	718.857598367149	2166.98564060908	2885.84323897623
TCGA-05-4405-01A	1063.83754012228	1321.43159757554	2385.26913769782
TCGA-44-2665-01A	1524.63060451197	1470.98160498011	2995.61220949208
TCGA-99-8033-01A	-22.1351759320045	1678.40231686002	1656.26714092802
TCGA-50-6591-01A	-868.958555155719	-903.792664116543	-1772.75121927226
TCGA-05-4402-01A	530.530017708566	1423.08091026789	1953.61092797646
TCGA-69-8453-01A	726.337615304575	2580.13480573236	3306.47242103694
TCGA-55-8614-01A	275.521905741214	888.496218425055	1164.01812416627
TCGA-05-4396-01A	-400.99284452163	361.970356423092	-39.0224880985378
TCGA-49-6745-01A	935.292798022031	2058.64237980154	2993.93517782358
TCGA-97-7554-01A	1241.21770075878	1434.44807456091	2675.66577531969
TCGA-73-4675-01A	441.208707625858	956.68742775366	1397.89613537952
TCGA-95-7039-01A	277.577826497563	930.310308323524	1207.88813482109
TCGA-97-7941-01A	316.0540639965	1338.56245760462	1654.61652160112
TCGA-55-7995-01A	186.642096694497	2454.72149174651	2641.36358844101
TCGA-69-7980-01A	415.779673974238	1665.37215463125	2081.15182860549
TCGA-97-8547-01A	1128.66065273834	1375.45429033978	2504.11494307812
TCGA-78-7166-01A	-758.032695811482	818.735810595962	60.70311478448
TCGA-55-8207-01A	1181.38100918978	1730.84958326553	2912.23059245531
TCGA-44-2668-01A	1213.1201059232	2289.02418713416	3502.14429305736
TCGA-MP-A4TE-01A	-963.341319992878	-186.467135542678	-1149.80845553556
TCGA-78-7153-01A	-450.680767078507	621.907443334027	171.22667625552
TCGA-86-8673-01A	191.438994609579	1159.21727476235	1350.65626937193
TCGA-55-6972-01A	-1600.43458180849	-355.607266874925	-1956.04184868341
TCGA-44-6779-01A	865.67420336285	2341.62026863865	3207.2944720015
TCGA-05-4403-01A	431.305006587163	1807.82893556117	2239.13394214833
TCGA-53-7626-01A	932.725069308771	2496.37568831255	3429.10075762132
TCGA-78-7154-01A	-212.694514835592	511.491895846429	298.797381010837
TCGA-62-A46O-01A	-1442.58507657243	-728.717643868577	-2171.302720441
TCGA-91-6840-01A	-67.1769136106338	1274.15728660156	1206.98037299092
TCGA-05-4418-01A	243.29748643027	1811.27181715532	2054.56930358559
TCGA-55-8507-01A	-43.0279946193047	867.013063629497	823.985069010192
TCGA-05-4434-01A	866.368156051858	2346.00947346133	3212.37762951319
TCGA-44-A47G-01A	1038.27953704364	2596.66958171596	3634.9491187596
TCGA-55-7815-01A	1115.26332500372	1728.64262084332	2843.90594584704
TCGA-49-4488-01A	-107.653074097795	1571.67526664365	1464.02219254585
TCGA-91-6831-01A	829.945549490417	1296.89009718686	2126.83564667728
TCGA-44-5645-01A	352.847306200843	1853.18283840486	2206.0301446057
TCGA-75-7030-01A	1124.61196449411	1762.25238270421	2886.86434719831
TCGA-44-2666-01A	-374.598736575402	736.329857722517	361.731121147115
TCGA-62-A472-01A	-356.46119406559	1516.30372691723	1159.84253285164
TCGA-05-4432-01A	118.170533631902	1481.37232764099	1599.54286127289
TCGA-50-5051-01A	-453.912438075112	373.231421517609	-80.6810165575028
TCGA-J2-A4AG-01A	639.456813979051	1970.95685098192	2610.41366496097
TCGA-93-7348-01A	719.221143570916	1337.75241751014	2056.97356108105
TCGA-97-A4LX-01A	1295.67971048007	2743.21883134692	4038.898541827
TCGA-78-7542-01A	-1078.14501310281	921.298922639571	-156.846090463243
TCGA-55-6543-01A	331.534914555782	1505.83816361833	1837.37307817411
TCGA-97-7938-01A	243.772677752775	958.124988905216	1201.89766665799
TCGA-86-8668-01A	958.233136022158	1647.2190781061	2605.45221412826
TCGA-69-8254-01A	-201.286128218148	1672.20098544008	1470.91485722193
TCGA-44-2661-01A	1250.4207337438	2860.21033557377	4110.63106931757
TCGA-49-4510-01A	-58.8006682927232	770.274852606089	711.474184313366
TCGA-38-4630-01A	-185.285756998804	284.135808526477	98.8500515276732
TCGA-MP-A4TK-01A	1444.29046878389	2001.84999997835	3446.14046876224
TCGA-64-1676-01A	839.622230343172	2058.53372520433	2898.1559555475
TCGA-49-AAR2-01A	-495.164007920454	1432.69068790772	937.526679987266
TCGA-55-7570-01A	-600.836262742159	-97.5176568440342	-698.353919586193
TCGA-44-3398-01A	1442.93057262604	2252.76142817703	3695.69200080307
TCGA-50-5044-01A	416.91812932518	1603.03590807253	2019.95403739771
TCGA-78-7539-01A	40.9470213792988	2100.72258408825	2141.66960546755
TCGA-53-A4EZ-01A	-816.450571494989	451.814929764841	-364.635641730149
TCGA-91-6847-01A	-1656.08013876509	-443.742621177	-2099.82275994209
TCGA-78-7156-01A	-522.23275544763	328.709116107771	-193.523639339859
TCGA-L9-A8F4-01A	280.745050515969	2069.62711913051	2350.37216964648
TCGA-55-8205-01A	890.866255921583	2652.65010624136	3543.51636216294
TCGA-44-7667-01A	-312.152656695678	358.705876620042	46.553219924364
TCGA-05-5425-01A	546.505905691147	2284.79383234456	2831.2997380357
TCGA-55-8206-01A	598.494781057464	2288.42126788348	2886.91604894095
TCGA-99-8028-01A	1500.73047503075	3023.94012004835	4524.6705950791
TCGA-78-8655-01A	364.690822077382	1824.92291416032	2189.6137362377
TCGA-97-8552-01A	284.721151948651	1947.30429264557	2232.02544459422
TCGA-55-6975-01A	1060.44539489021	891.340127544721	1951.78552243493
TCGA-95-7944-01A	281.797762480903	2283.84243041207	2565.64019289297
TCGA-55-1592-01A	218.392985283394	1254.30623255325	1472.69921783664
TCGA-55-7910-01A	-281.256492523365	577.575083143164	296.318590619798
TCGA-NJ-A55A-01A	535.798456967789	2009.96866897403	2545.76712594182
TCGA-73-7498-01A	514.72192557539	1293.93552438534	1808.65744996073
TCGA-55-A494-01A	-1105.25494826914	-613.032739150957	-1718.2876874201
TCGA-78-7152-01A	94.5824354987275	1565.70769906903	1660.29013456776
TCGA-49-4506-01A	-14.6687955066486	1847.46877618471	1832.79998067806
TCGA-62-A46R-01A	237.563688988329	1784.57093543188	2022.13462442021
TCGA-97-A4M7-01A	625.862021238302	2226.31878808488	2852.18080932318
TCGA-97-A4M1-01A	258.276507380249	1699.55330715674	1957.82981453699
TCGA-64-5775-01A	111.329488869136	925.702342970723	1037.03183183986
TCGA-91-7771-01A	901.45315278768	2180.0234597632	3081.47661255088
TCGA-95-7043-01A	-367.620640423247	-70.3161522714671	-437.936792694714
TCGA-44-2662-01A	859.948576744769	1843.78819697382	2703.73677371859
TCGA-44-7661-01A	1098.70251757069	2163.28689876904	3261.98941633973
TCGA-MN-A4N4-01A	782.543515603363	1080.06784994969	1862.61136555305
TCGA-38-4628-01A	605.69686175563	1157.86136162817	1763.5582233838
TCGA-99-AA5R-01A	1127.26264541365	2766.91596482726	3894.17861024091
TCGA-05-4415-01A	-807.111132572157	662.185016186908	-144.926116385248
TCGA-49-AARE-01A	52.859361949804	1145.00580312989	1197.86516507969
TCGA-55-A493-01A	358.370268514275	2198.47013664798	2556.84040516225
TCGA-62-A46S-01A	-139.88329275876	1233.34623953125	1093.46294677249
TCGA-86-A4JF-01A	-50.6803932879139	1689.25424460296	1638.57385131504
TCGA-55-6985-01A	796.05424578243	1959.14636588988	2755.20061167232
TCGA-J2-A4AE-01A	-273.023265754378	1658.32859166158	1385.3053259072
TCGA-78-7147-01A	-677.768491386277	1051.41511142994	373.646620043666
TCGA-93-7347-01A	1128.51443532732	2606.80220572198	3735.3166410493
TCGA-91-A4BC-01A	1122.72271195311	2616.83153082334	3739.55424277645
TCGA-MP-A4TI-01A	1383.70018752865	2938.13316308861	4321.83335061726
TCGA-55-6712-01A	596.687488903136	2231.20467574486	2827.89216464799
TCGA-50-5941-01A	850.261277423871	2569.41692793613	3419.67820536
TCGA-64-1678-01A	-729.652357147773	57.8240038004082	-671.828353347365
TCGA-4B-A93V-01A	-670.006959383894	1019.51274551	349.505786126109
TCGA-55-8616-01A	-72.4634683348008	904.625703362522	832.162235027721
TCGA-62-A46V-01A	382.19437433344	797.787947383297	1179.98232171674
TCGA-69-7978-01A	1145.85113657253	2651.46241692575	3797.31355349828
TCGA-55-8505-01A	401.406211324203	329.436157647924	730.842368972126
TCGA-05-4250-01A	594.349441604517	1779.31108369531	2373.66052529983
TCGA-NJ-A4YG-01A	419.654463017644	1610.29576489596	2029.9502279136
TCGA-55-8302-01A	-144.771646221066	1394.72802054085	1249.95637431979
TCGA-64-1679-01A	1276.73900305494	1373.11710467347	2649.85610772841
TCGA-38-7271-01A	1380.41181041857	3007.89451611814	4388.30632653671
TCGA-55-8619-01A	846.501482911598	2624.69418705659	3471.19566996819
TCGA-86-8076-01A	427.961747521384	2405.12906709643	2833.09081461781
TCGA-73-7499-01A	324.689812579129	2161.02458470308	2485.71439728221
TCGA-44-6148-01A	653.509835965469	1308.93259073226	1962.44242669773
TCGA-55-8621-01A	1233.94344735592	2584.83242906401	3818.77587641993
TCGA-95-8039-01A	269.77379746604	1960.33929285732	2230.11309032336
TCGA-MP-A5C7-01A	-882.044493893188	-25.8061394185005	-907.850633311689
TCGA-50-5933-01A	1594.48513088178	1891.52934109519	3486.01447197697
TCGA-MP-A4T8-01A	165.035063082469	316.792693443847	481.827756526316
TCGA-55-6971-01A	827.583054061065	2680.98559458413	3508.5686486452
TCGA-NJ-A55R-01A	-192.763890496091	380.37847385488	187.614583358789
TCGA-64-5778-01A	-130.962149481633	2337.22094296115	2206.25879347951
TCGA-MP-A4TH-01A	343.917185293755	2256.19148719019	2600.10867248395
TCGA-50-5049-01A	1815.7875637406	3054.95259629063	4870.74016003123
TCGA-55-8203-01A	243.976273140357	1601.82632013277	1845.80259327313
TCGA-44-7670-01A	-829.171687189401	327.633075201676	-501.538611987725
TCGA-86-A4P7-01A	767.528354951082	2101.37002250592	2868.898377457
TCGA-05-4417-01A	1519.49120526475	2121.54946309443	3641.04066835918
TCGA-55-A491-01A	383.032819090923	1681.13009622204	2064.16291531296
TCGA-64-5815-01A	1657.11942048899	1934.67578737037	3591.79520785936
TCGA-05-4389-01A	-22.8724973452408	2008.5317594662	1985.65926212096
TCGA-78-7150-01A	220.713895675894	191.68690022734	412.400795903234
TCGA-55-8513-01A	754.847279161163	2234.91497582721	2989.76225498837
TCGA-86-8278-01A	670.915399720331	1362.71632891817	2033.6317286385
TCGA-05-4433-01A	-1.91634003017768	2018.27295912144	2016.35661909126
TCGA-73-4658-01A	1533.96915292893	2310.88593149673	3844.85508442566
TCGA-55-8301-01A	948.66084857009	2615.27788989776	3563.93873846785
TCGA-73-4668-01A	266.361140044516	722.867021860663	989.228161905178
TCGA-49-4487-01A	788.364804104245	2275.84333287043	3064.20813697468
TCGA-05-4390-01A	357.871886015518	717.776666284465	1075.64855229998
TCGA-44-6776-01A	-515.339683062119	268.650466324032	-246.689216738086
TCGA-49-4514-01A	-434.765847113696	1361.79616780735	927.030320693653
TCGA-50-8457-01A	912.538418398704	2234.20488133766	3146.74329973637
TCGA-55-1595-01A	728.672092786312	1247.27194981935	1975.94404260566
TCGA-55-6969-01A	1034.75038983383	2106.92629070964	3141.67668054347
TCGA-97-A4M0-01A	-93.2466836128933	2064.17904603624	1970.93236242335
TCGA-55-7728-01A	33.1028883198069	2734.05272907158	2767.15561739139
TCGA-95-7947-01A	-553.27173462683	1253.18055303457	699.90881840774
TCGA-80-5611-01A	-73.5056863230795	2024.75717180821	1951.25148548513
TCGA-62-A470-01A	-399.121256129196	681.218524485218	282.097268356023
TCGA-55-8087-01A	-69.5600656747777	843.03321413631	773.473148461532
TCGA-78-7148-01A	-191.170204703626	1018.75383584888	827.583631145254
TCGA-78-7155-01A	-1018.9682506148	-114.712025310999	-1133.6802759258
TCGA-97-7937-01A	-56.3228718717666	460.193549988112	403.870678116346
TCGA-64-5774-01A	-429.104481494353	121.886037656831	-307.218443837522
TCGA-78-7220-01A	-543.075799742129	135.582085628076	-407.493714114054
TCGA-78-7167-01A	-476.916204719045	119.222189128052	-357.694015590993
TCGA-86-8279-01A	477.057914023426	634.559624178258	1111.61753820168
TCGA-62-A471-01A	-1147.13705397382	397.317476353504	-749.81957762032
TCGA-97-A4M6-01A	591.665315671973	2244.97435423471	2836.63966990668
TCGA-L4-A4E5-01A	-427.405267297734	572.356277761868	144.951010464134
TCGA-55-A48X-01A	374.076926444217	2061.5139207551	2435.59084719932
TCGA-86-8055-01A	1422.28447769947	1497.46720045388	2919.75167815335
TCGA-55-6982-01A	1091.80585660872	1619.46922344991	2711.27508005863
TCGA-05-5423-01A	449.489054634889	2223.1081321016	2672.59718673649
TCGA-05-4382-01A	1400.60933593814	2072.2112195858	3472.82055552394
TCGA-55-6987-01A	817.6547183311	2937.19191039876	3754.84662872986
TCGA-91-6835-01A	1101.61723323865	2833.28902639324	3934.9062596319
TCGA-97-8171-01A	-958.805433502947	81.8449808371003	-876.960452665847
TCGA-53-7813-01A	-719.693207024683	937.500644123546	217.807437098863
TCGA-MP-A4T4-01A	987.915785693911	2446.0191060869	3433.93489178081
TCGA-05-4420-01A	-76.188469241346	470.196222096754	394.007752855408
TCGA-MP-A4T7-01A	-367.560393754519	1351.0218561494	983.461462394883
TCGA-49-AAR9-01A	-731.870050903663	50.619537082799	-681.250513820864
TCGA-44-7669-01A	78.6099343543082	1346.18992894809	1424.7998633024
TCGA-86-8674-01A	-756.250012324371	-63.3365164257675	-819.586528750138
TCGA-55-6981-01A	126.408389184932	998.867931343016	1125.27632052795
TCGA-49-4505-01A	739.552515575991	2118.53757801282	2858.09009358882
TCGA-91-A4BD-01A	-329.563819397848	1970.6924049412	1641.12858554336
TCGA-67-3771-01A	530.719810299919	1667.12339310117	2197.84320340109
TCGA-86-8054-01A	-408.245405329283	23.7886415061688	-384.456763823114
